1411	0.013256825429548777
1410	0.007832862031746136
1415	0.014780604669843884
941	0.003435641363111716
1414	0.0041631992599875526
942	0.0037113037654426455
1413	0.007963638050067116
1412	0.02487866593467653
940	0.020904125276693518
1419	0.0
945	0.00229343970608455
1418	0.00792878670493394
946	0.011374442398095829
1417	0.006742962793892141
943	0.001230012021132793
1416	0.01717261074495873
944	0.0020117445526095117
949	0.008070323351576864
947	0.0015794618663884335
948	0.013860708688756898
531	0.01719853298940551
748	0.03317401918941343
530	0.033590436882794984
747	0.007992392473849669
746	0.010661626179960372
745	0.006975921158468861
535	0.016026757298317165
534	0.005624815614612341
533	0.01207706126103994
532	0.0034730777283449063
749	0.017693132373821398
539	0.00656252926365434
740	0.011566336893029371
538	0.0033344772637505927
537	0.010889762156176777
536	0.003620474362839713
744	0.007784352901044484
743	0.010770877562120721
742	0.0066376591432607684
741	0.004366108344694145
1420	0.022336293977588587
1422	0.001833273960383862
1421	0.024584236956253322
1424	0.008047823152928431
1423	9.643465984186691E-4
1426	0.006991022884375553
930	0.008907006708922444
1425	0.007023964212473497
931	9.885743090900423E-4
1428	0.005279511332826582
932	0.002285780703993263
1427	0.006054715733341533
933	0.007115017493264795
934	0.0012853502437513774
1429	0.007335613717477965
935	0.015128719910576153
936	0.004899595678417015
937	0.026581721514292157
938	0.00578453121655854
939	0.001166513502205865
540	0.009826857401807268
3	0.023170587748747293
735	0.006646254918189106
2	0.004788381699820524
734	0.005607468098131253
929	0.016357325876061524
542	0.0021901637953059866
1	0.007011671744885699
737	0.006343680096770901
541	0.01806078070453715
736	0.01433362149197561
544	0.013064930879543156
7	0.008497183055234298
739	0.004898383444067273
543	0.010153114042203395
6	0.025874382004041206
738	0.009477530159321717
546	0.004844607870976904
5	0.0
545	0.004055807536932911
4	0.01593004194168392
548	0.009403899155490673
547	0.023705997989150903
9	0.023952227027051312
549	0.004574700578234117
8	0.030813451676789907
731	0.0032993761473396285
730	0.012573630606529301
733	0.01123734337383574
732	0.0034524987172107886
1437	0.0077221200996170905
1436	0.0018816684247035514
920	0.02052314790419671
1435	0.01975961762409958
1434	0.005242007302573683
1433	0.007927389593848247
1432	0.010711814967402486
1431	0.013547996438197554
1430	0.013806955232435254
927	0.021772985628226108
928	0.0053399929757698954
925	0.0
926	0.01701953700932033
923	0.011695262643170862
924	0.012025152521219128
1439	0.001115792110989226
921	0.006297115021205514
1438	0.013114602911626262
922	0.007148352869986278
513	0.002799228492963379
512	0.005113806702021902
729	0.0
511	0.005424987128697087
728	0.0029319675002797006
510	0.008654813167684216
727	0.007413387473654607
726	0.013927441926301095
725	0.009147858401944955
724	0.010654346056381696
919	0.0024762195307601728
723	0.017930305923099167
918	0.01607550935731134
722	0.0
1440	0.008042409389611831
721	0.012584291948119504
519	0.00990459646399928
720	0.0186451083650528
518	0.006288782332755062
517	0.006815737347047324
516	0.004717583311762758
515	0.00850879511822977
514	0.004988738593099901
1446	0.0072228186046057975
1445	0.004374542830541626
1448	0.0034410483989652184
1447	0.005864600219510385
1442	0.010825457751921952
1441	0.00260977982545966
1444	0.00653863535421116
1443	0.0018351360242901166
914	0.004756459242504627
915	0.0017556546382931722
916	0.005083406135502659
917	0.005224640556196801
709	0.0010423189828643977
910	0.011771016533610817
1449	3.8530616603179836E-4
911	0.006011271339188677
912	0.005565099294354438
913	0.0018799634527874422
522	8.119222011354846E-4
717	0.011311765521255835
521	0.0026646853898436083
716	0.016713520364579508
524	0.0010403751140882244
719	0.021845768776224843
523	0.0092372247639542
718	0.010388057618473168
713	0.001825853744505278
908	0.0013853273460640583
712	0.006617236482682386
907	0.0016629192993935463
520	0.005036776277378803
715	0.0016050840097541535
714	0.00502604113173178
909	0.0016020980036552828
529	0.007849590563453518
1450	0.007561103708130805
711	0.002362802759884328
1451	0.019764686732577638
710	0.00582088579130313
526	0.0065638743815349095
525	0.0
528	0.002152561656863922
527	0.004359398673750539
989	0.0014336638986003614
988	0.012054970311743693
987	0.01002496934507793
571	0.004490774977707468
570	0.016094040909109944
982	0.00172740632429543
981	0.005303906161512636
980	0.004325063142153041
986	0.002763558583949442
985	0.003534967600201244
984	0.015610479379575267
983	0.0014177553180737563
700	0.006548649839460931
574	0.003328691302260291
703	0.007766105624351591
575	0.004577250762366539
704	0.0016816395731322627
572	0.007117154274729869
701	0.02383300242853341
573	0.013297833325884294
702	0.005896615020693095
578	0.0010174494556421212
707	0.01669508219575405
579	0.0017556546382931722
708	0.017551190717364495
576	0.013033778967137822
705	0.0029004998442795104
577	0.01605565489503914
706	0.007449384801943699
977	0.01653928716191182
976	0.00980686328282428
979	0.013906393359315322
978	0.0035683866356927153
580	0.0019731748492733086
582	0.018748981278647676
581	0.0
971	0.008702971928869195
970	0.01952804574270687
973	0.021221257063835066
972	0.017715056240152825
975	0.0011513931124384957
974	0.01042030655275991
583	0.0021930896358080283
584	0.003538818059090428
585	0.010447395389784736
586	0.0037419783154861845
587	0.011261766780215043
588	0.005052219626841787
589	0.010142698369852357
969	0.005409000080387373
968	0.013851785434741956
967	0.001762450388506649
966	0.0
965	0.009886159242101872
964	0.014825648260101937
963	0.003428090941303844
962	0.009854086690295034
961	0.004198740239152645
960	0.01131797965170472
558	0.007590300602483155
559	0.009993988402505559
556	0.009528782111213687
557	0.006111051348901823
554	0.0269703181697706
555	0.003364254503423579
552	0.010878311240812046
553	0.019441472514111467
550	0.00895720435983763
551	0.01869816550365604
1409	0.005223662436311978
959	0.005285898895377287
958	0.017107923158601216
560	0.011376107952742468
1405	0.014757927306690208
955	0.00845451933592517
1406	0.012334236379226142
954	0.008199755955926598
1407	0.0013722565590695538
957	0.014150856120476157
1408	0.00870417826982861
956	0.0036077019466438554
1401	0.0025795550392582944
951	0.03138897872566544
1402	0.010148587881983131
950	0.005305128091899657
1403	0.0
953	0.0021784074025900236
1404	0.005375749292073226
952	0.008013180946735955
1400	0.0
1204	0.0
1203	0.00916997577826232
1206	0.0017930877603046032
1205	0.02012335658072033
1200	0.001665857306264796
569	0.0037221406002930315
1202	0.006570940376516982
1201	0.005210843812426716
565	0.010458055906781475
566	0.0068210874869755024
567	0.015997079746018057
568	0.01032743922460796
1208	0.010081224403531487
561	0.0014922231823300057
1207	0.0013193120696761177
562	0.008807311175039545
563	0.013276232268844664
1209	0.004890085312092136
564	0.003852350817754012
799	0.007030870152937518
798	0.004771266645869417
797	0.011783921935143968
796	0.019752467924693703
795	0.012085981019826768
794	0.02271582991452769
793	0.01346286550293792
792	0.017487162925347875
790	0.028970358988095177
996	0.01286827759959991
791	0.01125175788432616
997	8.965881780318178E-4
994	0.004840388653288787
995	0.008236631760204179
992	0.01442980079181815
993	0.007587746250424024
990	0.0010518063806967545
991	9.176809144538788E-4
998	0.004461786991310971
999	0.002822405886237307
781	0.02327565299392159
782	0.014169672761644403
783	0.004912660589843894
784	0.0031945355982078857
785	0.018163986295852294
786	0.02320703533270913
787	0.004714408293523023
788	0.0023001068778537807
789	0.009085097665469232
780	0.002021547029834804
505	0.0012415639036582045
772	0.001992514079299392
506	0.011539955363209725
773	0.010033261417507069
503	0.0023076608088263054
770	0.012331324629171797
504	0.0015169860319921963
771	0.028836154535419746
509	0.010403493226332716
776	0.0
777	0.012838773797989231
507	0.0174816399480102
774	0.019041095919201865
508	0.01366074845133424
775	0.004808485020071111
778	0.0034733052698199675
779	0.0032705101311890005
501	0.010795564666474872
502	0.013590663983445888
500	0.0019326434249292879
763	0.004320126287129708
764	0.005256935636072864
765	0.008077809711871366
766	0.005946108245715696
760	0.01253014953924868
761	0.009801476337650173
762	0.002110971661310526
767	0.02564196350301791
768	0.0023753054282990614
769	0.005664487114418481
754	0.0034860605744619112
755	0.00410833352243508
752	0.004476671057448813
753	0.009362284392276135
750	0.003248078245951276
751	0.007510180714518239
758	0.0010810090809324085
759	0.01116379151554662
756	0.021567192962894353
757	0.005024294413086867
1196	0.008132948851966637
1195	0.018438048211300462
1198	0.012812417862955214
1197	0.004171700679005077
1192	0.00136321061175939
1191	0.012578120947028355
1194	0.003656373826390177
1193	0.013396271971292624
1190	0.002950648799706241
1188	0.0014520391839562901
1189	0.009203731455728436
1187	0.00831602336807839
1186	0.003767535619964301
1185	0.005810457312100777
1184	0.011416971142495838
1183	0.02117488649876119
1182	0.021969584405815073
1181	0.005174658678959848
1180	0.0034434309435060974
1179	0.005546109716642511
1177	0.0022467553507258538
1178	0.01145189682975954
1199	0.002830765574466399
1108	0.02295209680418014
1109	0.015851650767991724
1395	0.008273192285516382
1106	0.0038017035521070545
1396	0.004102267628922847
1107	0.00657543970859092
1393	0.009491659801669484
1104	0.0049306423007637904
1394	0.012107084808019484
1105	0.020409992673053812
1391	0.012335499022039948
1102	0.005970833614842194
1392	0.01261507518065923
1103	0.010343169170588131
1100	0.01894645384108949
1390	0.0044545137249812124
1101	0.01393610842675981
1110	0.009809549070777055
1389	0.017829427809895486
1388	0.01254238190745346
1387	0.014475584658954106
1386	0.010497477962897291
1382	0.0033201959109062837
1383	0.006392870501747728
1384	0.017852942458379997
1385	0.013216397205048275
1380	0.006949420977374661
1381	0.01061448442453855
1379	0.01732083971708438
1376	0.011117056017528089
1375	0.011550105010557653
1378	0.005734828523255736
1377	0.007735347474496398
1124	0.009481943136455903
1125	0.00264094711008549
1122	0.006742009569353019
1123	0.020865735445673415
1128	0.0044673459668896015
1129	0.013112608711019035
1126	0.011247386656912675
1127	0.003694537976335509
1132	0.0015114280684923457
1131	4.431869079171797E-4
1130	0.005686423412290323
1119	0.02106518303084692
595	0.001110515249274925
594	0.0011809138295440695
597	0.008766933130278032
596	0.0032116429435307295
599	0.010711814967402486
598	0.019024139799807643
1111	0.01699336158207303
1112	0.002930140794707332
1113	0.0024476786333214513
1114	0.0067056843782841
1115	0.004640372140368345
1116	0.011748645017894077
1117	0.012829959956503262
1118	0.01585477875945063
1398	0.005761667305321074
1397	0.007312366065120091
1399	0.015532832418501808
1121	0.018489688291270095
1120	0.010280671585848267
590	0.0
591	0.0037262510152919854
592	0.0032107737952503453
593	0.02541707714229834
1352	0.011224959157273694
1351	0.01904290450510429
1350	0.03123601504534532
1149	0.006225255989851453
1148	0.021426358401686083
1147	0.0021842135752336367
1146	0.0038266568031738142
1145	0.0013758184287050198
1144	0.006785413930884398
1348	0.008807346032639154
1153	0.011010648000994343
1349	0.004217422460064612
1154	0.023041063621221377
1346	0.011475316674460131
1151	0.01169726970551408
1347	0.0034398218906218077
1152	0.0063608896920610905
1344	0.017954447415913535
1345	0.005249288114917328
1150	0.019006408964564556
1342	0.01614407219640204
1343	0.006839879769036762
1138	0.02638925214577808
1137	0.008020577837742961
1341	0.006934694259384731
1340	0.009008988633995286
1139	0.004524757495383244
1134	0.01035449315863928
1133	0.00206754794402994
1136	0.019995866452892818
1135	0.004144861184539968
1339	0.003919617318293435
1335	0.007864632995563751
1140	0.003983596073899308
1336	0.012166975806534062
1141	0.006799551018779689
1337	0.004981718921192594
1142	0.0037449487139954297
1338	0.00396561627040011
1143	0.0017618282825265568
1331	5.88486090213406E-4
1332	0.001877803855879444
1333	0.01005536497247164
1334	0.0010606814278307228
1370	0.014729410090436466
1169	7.732340923552138E-4
1168	0.012882592852884978
1167	0.003799914842011508
1166	0.012858120171563429
1374	0.016967143428465874
1373	0.00716574183618028
1372	0.012489843161547508
1371	0.012986626904334529
1366	0.005852001411121958
1171	0.011709063886342751
1367	0.008132161521949092
1172	0.010609573245122088
1364	0.01672146926470691
1365	0.012235892770797868
1170	0.010664283976596417
1175	0.012174973030559453
1176	0.0058400323214517005
1368	0.004660294801928157
1173	7.495745344268165E-4
1369	0.0025896602361312024
1174	0.014274410333276023
1156	0.008179919330497772
1155	0.0023593248227570546
1158	0.012522994158341435
1157	0.011171471931982589
1361	0.005945624595103922
1360	0.0038863009828964067
1159	0.017425816534171086
1363	0.008407685919357788
1362	0.0018453519218210857
1353	0.008486284799178685
1354	0.017410714866468162
1355	0.009376435383502005
1160	0.004132119366127604
1356	0.004301602019428783
1161	0.012831267187650089
1357	0.0032785234863704042
1162	0.01112992119277048
1358	0.010404566088029903
1163	7.406489695160319E-4
1359	0.007536086538369745
1164	0.003048299413013698
1165	0.014144419059264633
806	0.0
807	0.030648234926966816
804	0.01863668623582404
805	0.013685127998305978
802	0.0054055786061746065
1319	0.016133924372896187
803	0.017298577721674858
1318	0.005580108847853524
800	0.021913369588140174
1317	0.017822684445906622
801	0.014980829012946418
1316	0.0015350332434107814
1315	0.0
1314	0.0071173189333861185
159	0.010560379371153677
1313	0.004030703510413327
158	0.010453957549443605
1312	0.006557050856860384
1311	0.016326325645322548
156	0.009598293227826711
1310	0.005891321369053105
155	0.013942275165947742
154	0.009363649961874151
601	0.0
600	0.003934427422342024
153	0.018609222360622082
150	0.003919303360270201
151	0.0026333028543723646
609	0.003393257651891815
608	0.008810083053386356
607	0.009439291013199416
606	0.00736442132459582
605	0.0149883634720531
604	0.0015316425190105203
603	0.017559866150667958
602	0.0
202	0.005259299533532565
203	0.020870977207043492
204	0.010961667893138549
205	0.008442311085627452
1329	0.01066869633998969
1328	0.010872846446630637
200	0.005341051230464116
201	0.006158290547857208
1325	0.006688361244332865
1324	0.004002841969123844
169	0.0068653935910079145
1327	0.010561801629794634
1326	0.001569192176406745
1321	0.007013425376378609
206	0.0077505152927948
166	0.01461922090874016
1320	0.006328854047617148
207	0.009969321584882092
165	0.014988138434167164
1323	0.00708618439969291
208	0.018401606450209943
168	0.01004459613004706
1322	0.030501628390396465
209	0.0052011828359519625
167	0.0014405583165405915
161	0.011679318958180833
162	0.0072021008786613844
163	0.008286274410587807
1330	0.014194444730999461
164	0.013416076600487017
160	0.016306970660310782
211	0.004756937214146118
824	0.009189648247788928
212	0.01743089099463014
825	0.02091487166452925
822	0.0012336839292772903
210	0.0014316437160426048
823	0.007665991815131512
215	0.0038205064834646333
828	0.01496857143156157
216	0.01791204311232188
829	0.00358967807800433
213	0.0028189060437896723
826	0.03138897872566544
214	0.012427745778125951
827	0.011613607232544362
219	0.007880061829602577
179	0.011839373844304507
178	0.0
217	0.008507899125666282
177	0.003474240002445755
218	0.02691458414389125
176	0.007130497634443527
820	0.008511077749949929
821	0.027361471246859073
170	0.01765050445381629
171	0.08228381903937353
623	0.02806524791267443
174	0.0037481019475300967
622	0.021978567305384365
175	0.01671293560429799
621	0.006299742799261924
172	0.02434024362663255
620	0.00983714905016418
173	0.014554938037618008
627	0.009240428648414675
626	0.009649300643241673
625	0.0048628855962662915
624	0.0060132496761755435
819	0.006890685876328903
629	0.003658865452140808
628	0.009426812045565622
1307	9.881570618426073E-4
220	0.004945279374641196
811	0.008751539339557116
1306	0.015761527594941555
221	4.6206954703877616E-4
812	0.008180141289508476
1309	0.0
222	0.002055204672682954
813	0.004066043933377408
1308	0.002675820805504878
223	0.00530269281995725
814	0.005004319326581845
224	0.012363436672958195
815	8.119222011354846E-4
225	0.008967260988715996
816	0.01753329015385974
226	0.0028579531241571857
817	0.0020117445526095117
818	0.007869281676440715
228	0.014965851249347796
188	0.0025209960874778984
229	0.01553586292545341
187	0.004864328575012824
1301	0.010644721076593436
1300	0.007281894152199383
189	0.012185518981555671
1303	0.0024760558769888466
1302	0.0
1305	0.011308715784699845
1304	0.014503696422166664
810	0.004493503974332899
180	0.0035574273638161015
181	0.0015865556569163782
182	0.004294847450741977
610	0.01572001379328525
183	0.007415980343699098
184	0.0011723063834609424
612	0.00573915412620999
185	0.006479943785386211
611	0.0043236480773996225
186	0.013981615920895
614	0.008086442731165813
809	0.0019772015956465356
613	0.0031575971943556772
808	0.012874962084247349
616	0.0047414709635194025
615	0.24108219242230805
618	0.0
617	0.00940210299583366
619	0.011426765228132399
116	0.005108562358163912
843	0.010468623175221512
117	0.011887247448415324
842	0.005069757181357029
114	0.005028686483508444
841	0.00690404358150947
115	0.004412093806871538
840	0.013782886419883178
112	0.004046790669623263
113	0.00578423742447883
110	0.0
111	0.0046450681770247235
849	0.002708305273152515
848	0.010922889834847354
847	0.00990459646399928
846	0.001957721896510769
118	0.007571886832881937
845	0.004008218202975362
119	0.0
844	0.011183399137435008
125	0.0021764660613057085
830	0.020233656427961814
126	0.002206694698153433
127	0.008434969847537277
832	0.00562293157824092
128	0.013175283488240245
831	0.014671221340789102
121	0.0067706847001712195
122	0.005508095972669199
123	0.00467141002856397
124	0.015825204317278702
838	0.00872758418883796
837	0.003822326677154672
839	0.011838840732011992
129	0.0
834	0.0072685132407587704
833	0.007590402613037628
836	0.024893170212737577
835	0.012940210702768353
120	0.009460605117853096
134	0.005403261671382876
861	0.015156686316570661
135	8.2296151595418E-4
860	0.00715108357122445
132	0.01985930037634719
133	0.004449259660406507
138	0.010070578143488367
865	0.007339762842106097
139	0.013430334590708342
864	0.0033601331749207467
136	0.010560379371153677
863	0.014563694750367465
137	0.010209561888423374
862	0.0015824035670441471
869	0.007956770859399366
868	0.016153804528285756
867	0.013353063519399334
866	0.002344210309576458
131	0.005793216665607437
130	0.0038122945831269186
143	0.021083119930291806
144	0.029924769643171145
145	0.018473069397449294
850	0.0011110673611825748
146	0.0021204611830113605
147	0.003963021329073797
852	0.004187814959827809
148	0.0044296773039857115
851	0.005231652066268073
149	0.0
854	0.01678939343685874
853	0.005323848965959174
856	0.017279885161558598
855	0.012737572073138446
858	7.484328908035233E-4
857	0.011091684180426744
859	0.01161593417395552
140	0.012417040070815859
142	0.015915972769635644
141	0.008508515383262211
687	0.0037134648115498565
686	0.00770396917407366
689	0.0039229936210405415
688	0.015077560277602951
683	0.006472185230300765
682	0.0057465783404833945
685	0.0
684	0.008511583381160915
888	0.010169225699426566
889	0.004373293509731432
884	0.006619167793363448
885	0.007455622851274796
680	0.013900909305980263
886	0.006810724838773587
681	0.023936209400356408
887	0.02273661976118646
880	0.002521080969357325
881	0.0021730841574241514
882	0.013654986637283479
883	0.0
678	0.004490384247019767
677	0.012050650645835376
676	0.010854541476484493
675	0.005640821172017255
674	0.006321754731153414
673	0.016998583427105037
672	0.016826042830908453
671	0.007157313398631549
679	0.0041359428995549775
879	0.0014413087163266268
877	0.00527332307880639
878	0.011850638536810808
875	0.0016667146736307023
670	0.007684923674624075
876	0.004546245935606946
873	0.0026872393206528165
874	0.0
871	0.012679711781166371
872	0.013649464519197102
870	0.010699888518803513
696	0.00991015301656137
695	0.006489911458609501
694	0.014174056149455426
693	0.019323367706775167
890	0.004173146434435006
699	0.0035972940363261183
698	0.026581721514292157
697	0.03836646867932067
899	0.00781791116169144
893	0.009649300643241673
894	0.006460276043512036
891	0.015176585448619473
892	0.006217092144067269
691	0.006810724838773587
897	0.004066043933377408
692	0.018690242951425913
898	0.010332855437171792
895	0.015527402647120351
690	0.003071766473171825
896	0.0028229372656612415
646	0.013949867345035899
647	0.01341088651926806
648	0.0062149695254188
649	0.008060261266651457
195	0.004396612528191229
642	0.011385949679952522
194	0.006369643001621262
643	0.007620359472329665
197	0.01221176236214231
644	0.0033592554832584417
196	0.005381689659247457
645	0.012437924443847568
191	0.005573015705154213
190	0.010355486856936776
193	0.002644307996839267
640	0.013330398369794834
192	0.010452824487787839
641	0.0038356843313921605
198	0.004603177189563242
199	0.011459484374859216
639	0.012759296501940038
637	5.822768006946397E-4
638	0.0013274049925095044
635	0.003711613828642176
636	0.006632290749058158
633	0.0018886604774871485
634	0.007034000181452604
631	0.014454942409262444
632	0.00950170316201755
630	0.0
668	0.0063570166311418125
669	0.016413113841953045
660	0.00239437553022798
661	0.007100316125010411
662	0.00382551134316201
663	0.004318080747075684
664	0.030214525427582663
665	0.026645620370846605
666	0.0011667266858643166
667	0.0
659	0.007530656296942683
657	0.0022477839330965416
658	0.01565093516204355
651	0.008453282241975727
652	0.02130440024692336
650	0.0018803879432316764
655	0.0
656	0.02718058058602735
653	0.005696051253603931
654	0.013260197281138883
1475	0.00400146288513313
1474	0.005387505573321236
1477	0.009228417446693997
1476	0.007982000286603138
1479	0.008169969830771038
1478	0.010656074083490421
1091	0.013333483428281492
1090	0.0031908074527223986
1093	0.004313611604362588
35	9.513811808239019E-4
1092	6.531362276535556E-4
36	0.010356217543572403
1095	0.01117889700607775
33	0.00733054818518225
1094	0.003824910033424822
34	0.00467141002856397
1097	0.004798912523371343
39	0.019325102730683497
1096	0.0010379136520763887
1099	0.007398521587682497
37	0.00494654777005602
1098	0.0
38	0.001840330167350226
1089	0.0040630007177146635
43	0.003240158054452335
42	0.0021657768950044992
41	0.012839837045710588
40	0.014826186019397709
1480	0.01483270815213792
1481	0.006764220302821246
1482	0.010891387420711223
1483	0.0019000291791038376
1484	0.012242482151585098
1488	0.006505043149364573
1487	0.0031849224609965102
1486	0.010710907351278717
1485	0.00206222067716952
1080	0.0019288920265810889
1489	0.01892244634525901
1084	0.010483276937125093
22	0.009899089159280287
1083	0.007274207896312484
23	0.007614203116944059
1082	0.0
24	0.0046067760473239945
1081	0.011134847916507517
25	0.004948008918696087
1088	0.004029636033501562
26	0.007100897151271801
1087	0.005820593974392675
27	0.009110844057223027
1086	0.00340155467800775
28	0.011267538262777668
1085	0.012433567713068867
29	0.0026963334774780666
1078	0.022209050611163184
1079	0.005771300622891153
30	0.004407841488521554
32	8.256962006185636E-4
31	0.0020332872418850853
1490	0.008708417591524839
1491	0.0029878515014520324
1494	0.002292959390949018
1495	0.008460653718321437
1492	0.005375606216338875
1493	0.016267507935200716
1457	0.009282281977117
1456	0.010809743744564091
1459	0.00900198195955209
1458	0.009670395752236298
1453	0.0034770539304035844
1452	0.008087474956638465
1455	0.014358174457609231
19	0.017967553839502166
1454	0.019050594296644192
1075	0.015034680430082274
17	0.016153691177538804
1074	0.0027559731582436804
18	0.011545027375476994
1077	0.004333920637309505
15	0.021859846617889606
1076	0.011043070458048967
16	0.014554032184873819
1071	0.014592691800344983
13	0.009962359058055583
1070	0.013039552773915893
14	0.014220372292375981
1073	0.002170250551184529
11	0.01966589836894604
1072	0.01432903130915413
12	0.021934491280834852
21	0.005508095972669199
20	0.018854042797843296
1067	0.0012664321353708819
1068	0.0020541801628955214
1069	0.0034198062255466942
1460	0.008982484239562917
1461	5.466178399094094E-4
1462	8.387981075839198E-4
1469	0.00907030903686795
1468	0.0031367316591942754
1467	0.006045613949054541
1466	0.004386587902237124
1465	0.01037779589422592
1464	0.005578018148635191
1463	0.0023393536586981947
1066	0.005370193888024799
1065	0.0014201193339212978
1064	0.007279687739955833
1063	0.0074527200002699545
1062	0.007139631897180771
1061	0.0023341339266675946
1060	0.0096164357213347
10	0.01489946642309071
1058	0.013225426671687118
1059	0.007458850587173404
1056	0.003959244079082511
1057	0.005505471715730891
1472	0.0028762936782349745
1473	0.018234392985334823
1470	0.0014897306608108733
1471	0.005326164050069853
79	0.02614195080040942
78	0.004236312586613635
77	0.0067930644192486685
82	0.0053801641788846395
83	0.018551899869393068
80	0.0036475269018160445
81	0.0163007300838812
86	0.015517510029531107
87	0.01749571183675828
84	0.004436452200530312
85	0.0010186613579651518
67	0.009905288874658365
66	0.0021008339083584395
69	0.0032008393113733126
68	0.004070542845655022
70	0.01136649835160921
71	0.005112876206324312
72	0.016367784911465722
73	0.011829216298693334
74	0.0022166148776495325
75	0.0010681283801962005
76	0.010888657985170396
59	0.010656192010976702
58	0.0016610616859570977
57	0.0
56	0.013685072164070772
55	0.013948931618596647
1496	0.01535509499291899
1497	0.010767811279039363
1498	0.0034395740505557544
1499	8.151955665418877E-4
64	0.00479040572582342
65	0.013872812767784713
62	0.01647530484056897
63	0.018876015602005396
60	0.005250727693977152
61	0.0016569075668006873
49	0.00895254953895974
48	0.00765623022085646
45	0.005901687616996652
44	0.009622911378820235
1298	0.012401546191806584
47	0.005250727693977152
1299	0.007399619479972602
46	0.017706632209527284
51	0.0
52	0.007257618739845747
53	0.010656192010976702
54	0.002503663287242729
50	0.01019953463088554
1292	0.002703755607222278
1003	0.0070976779767989735
1293	0.001903930408037423
1004	0.0043760919973877726
1290	0.004876634237817858
1001	0.0
1291	0.014962057923147665
1002	0.006822586695069496
1296	0.0
1007	0.007899867342444187
1297	0.016081059608364742
1008	0.015556253599511042
1294	0.004801660985877882
1005	0.00796302882620204
1295	0.0013184114950129003
1006	0.00952076233870488
1009	0.009041647143266763
1289	0.004199920677080806
1288	0.009272708239654225
1287	0.003612276779661086
1011	0.011149244120385706
1010	0.014141193211227594
1280	0.016438222819064863
1281	0.013650445028234058
1282	0.01376325999034003
1283	0.01261290302208933
1284	0.0052862306596173254
1285	0.0164643544220034
1286	0.006267642795498143
1277	0.015513835949027777
1276	0.006474482751234152
1279	0.019953727583290726
1278	8.604901881834399E-4
1000	0.016108302043270448
1274	0.0061160052216263526
1275	0.0
1272	0.012372395315714624
1273	0.0037112878972831278
1270	0.015310366651549103
1271	0.00971978668945736
109	9.513811808239019E-4
108	0.018854042797843296
107	0.007100897151271801
106	0.019326810737083176
105	0.019316978757726675
104	0.005557538723608567
1269	0.004998764900756303
103	0.007091731450809886
1268	0.003612332365372776
99	0.009905288874658365
102	0.016326344405040067
1267	0.0034624728428438857
101	0.019206007484652097
1266	0.004279501398630579
100	0.01570199597931891
1265	0.009673095087229664
1261	0.011521385675203232
98	0.02708133388037985
1262	0.002750727840226907
97	0.007251487078817392
1263	0.00484528418042912
96	0.004981034310352356
1264	0.004035526015031795
95	0.005283024505166161
94	0.025216456349150533
93	0.009537545603335829
92	0.002028423153209725
1260	0.019211827302357334
91	0.005294696310471219
90	0.003038245528806806
1259	0.013536799332188487
1258	0.007653599220942494
1255	0.006978162887920943
1254	0.0
1257	0.011608708608455568
88	0.012830345149690111
1256	0.014966050221047402
89	0.003087366171778799
240	0.003460041923790776
241	0.011524413903984157
1048	0.0032821355665358927
1047	0.011494552261915246
1046	0.008582969552608809
1045	0.006353028959606491
1253	0.021183991321762404
1252	0.005012108927500205
1251	0.0033414109341693126
1250	8.606699974851621E-4
1049	0.0200637412103369
1245	0.010116312986464492
1050	0.018555558327046306
1246	0.017209754931794954
1051	0.011883647610589871
1243	0.004011419507691131
1244	0.009669945969780644
1249	0.009349538151161609
1054	0.0024018425197118924
1055	0.005203794627293129
1247	0.0
1052	0.004518003076573407
1248	0.0094624799718774
1053	0.005616572934031949
245	0.005463129137588265
244	0.003031537335793557
243	0.015228165073617626
242	0.0033540021271144887
249	0.004776668138622903
248	0.007043931150168198
247	0.009609873363796572
246	0.00900629825650043
230	0.0044505983717100135
1035	0.017253921235398584
1034	0.015042784509385183
1037	0.005041785127284183
1036	0.0
1240	0.0
1039	0.025827260357674707
1038	0.005812906852340508
1242	0.018745934747868433
1241	0.0011913501255507288
1232	0.002213568548814077
1233	0.005718994645475654
239	0.0
1234	0.010769482381880866
1235	0.006571020424557734
1040	0.015959189380189896
1236	0.006445130150844371
1041	0.0
1237	0.001789485959956019
1042	0.001703086495747459
1238	0.0040263636793160555
1043	0.011451031113151553
1239	0.015046484739489654
1044	0.00843867985217601
232	0.013403574404679194
231	0.00928188574885578
234	0.0012824263482434349
233	0.0035140219586670975
236	0.00679572562225701
235	0.007507295134247217
238	0.012031654656942876
237	0.0
1231	0.010654654162353089
1230	0.005617921806620038
1029	0.00752853117677638
1028	0.0036947712896825617
1027	0.006444873819116224
1026	0.013839009497746553
1025	0.00921949178512318
1024	0.0
1023	0.030904571189852476
1227	0.009155543158529095
1032	0.00871289418622737
1228	6.620800541217721E-4
1033	0.006351538715050968
1225	0.0038820818961838666
1030	0.0019707758067773885
1226	0.006445130150844371
1031	0.010171697006850257
1223	0.015592980953561453
1224	0.007226982290422977
1221	0.0057514224305375275
1222	0.021117813807331437
1229	0.030607621514969083
250	0.0024237073170347073
251	0.0021671431543735433
252	0.012001117592185676
1017	0.01726351016697593
1016	0.006822586695069496
1220	0.006482082609864064
1019	0.019182300657934522
1018	0.008554390543165234
1013	0.006813348458464024
1012	0.0064555402318318255
1015	0.0045725011007809
1014	0.016655870393771272
1214	0.0026503844610738752
1215	0.0013711224016989074
1020	0.009975005577988794
1216	0.002147007378196582
1021	0.013103344064348202
1217	0.00851297066816281
1022	0.01854162931382481
1210	0.007506159079039874
1211	0.012067244767338337
1212	0.0028681428770713276
1213	0.002161155159264774
904	0.002605712631047198
903	0.004395154344496479
906	0.0
905	0.007303791384300729
1218	0.006438422799453433
900	0.002537585530398595
1219	0.0025658713486475565
253	0.004929619476911028
902	0.03272812208235797
901	0.00877704767065671
